data_4b03
#
_entry.id 4b03
#
loop_
_chem_comp.formula
_chem_comp.formula_weight
_chem_comp.id
_chem_comp.mon_nstd_flag
_chem_comp.name
_chem_comp.pdbx_synonyms
_chem_comp.type
"C3 H7 N O2"     89.093  ALA y ALANINE         ? "L-peptide linking" 
"C6 H15 N4 O2 1" 175.209 ARG y ARGININE        ? "L-peptide linking" 
"C4 H8 N2 O3"    132.118 ASN y ASPARAGINE      ? "L-peptide linking" 
"C4 H7 N O4"     133.103 ASP y "ASPARTIC ACID" ? "L-peptide linking" 
"C3 H7 N O2 S"   121.158 CYS y CYSTEINE        ? "L-peptide linking" 
"C5 H10 N2 O3"   146.144 GLN y GLUTAMINE       ? "L-peptide linking" 
"C5 H9 N O4"     147.129 GLU y "GLUTAMIC ACID" ? "L-peptide linking" 
"C2 H5 N O2"     75.067  GLY y GLYCINE         ? "peptide linking"   
"C6 H10 N3 O2 1" 156.162 HIS y HISTIDINE       ? "L-peptide linking" 
"C6 H13 N O2"    131.173 ILE y ISOLEUCINE      ? "L-peptide linking" 
"C6 H13 N O2"    131.173 LEU y LEUCINE         ? "L-peptide linking" 
"C6 H15 N2 O2 1" 147.195 LYS y LYSINE          ? "L-peptide linking" 
"C5 H11 N O2 S"  149.211 MET y METHIONINE      ? "L-peptide linking" 
"C9 H11 N O2"    165.189 PHE y PHENYLALANINE   ? "L-peptide linking" 
"C5 H9 N O2"     115.130 PRO y PROLINE         ? "L-peptide linking" 
"C3 H7 N O3"     105.093 SER y SERINE          ? "L-peptide linking" 
"C4 H9 N O3"     119.119 THR y THREONINE       ? "L-peptide linking" 
"C11 H12 N2 O2"  204.225 TRP y TRYPTOPHAN      ? "L-peptide linking" 
"C9 H11 N O3"    181.189 TYR y TYROSINE        ? "L-peptide linking" 
"C5 H11 N O2"    117.146 VAL y VALINE          ? "L-peptide linking" 
#
loop_
_chem_comp_atom.atom_id
_chem_comp_atom.charge
_chem_comp_atom.comp_id
_chem_comp_atom.pdbx_leaving_atom_flag
_chem_comp_atom.pdbx_model_Cartn_x_ideal
_chem_comp_atom.pdbx_model_Cartn_y_ideal
_chem_comp_atom.pdbx_model_Cartn_z_ideal
_chem_comp_atom.pdbx_ordinal
_chem_comp_atom.type_symbol
N    ? ALA ? ? ? ? 1   N 
CA   ? ALA ? ? ? ? 2   C 
C    ? ALA ? ? ? ? 3   C 
O    ? ALA ? ? ? ? 4   O 
CB   ? ALA ? ? ? ? 5   C 
OXT  ? ALA ? ? ? ? 6   O 
H    ? ALA ? ? ? ? 7   H 
H2   ? ALA ? ? ? ? 8   H 
HA   ? ALA ? ? ? ? 9   H 
HB1  ? ALA ? ? ? ? 10  H 
HB2  ? ALA ? ? ? ? 11  H 
HB3  ? ALA ? ? ? ? 12  H 
HXT  ? ALA ? ? ? ? 13  H 
N    ? ARG ? ? ? ? 14  N 
CA   ? ARG ? ? ? ? 15  C 
C    ? ARG ? ? ? ? 16  C 
O    ? ARG ? ? ? ? 17  O 
CB   ? ARG ? ? ? ? 18  C 
CG   ? ARG ? ? ? ? 19  C 
CD   ? ARG ? ? ? ? 20  C 
NE   ? ARG ? ? ? ? 21  N 
CZ   ? ARG ? ? ? ? 22  C 
NH1  ? ARG ? ? ? ? 23  N 
NH2  ? ARG ? ? ? ? 24  N 
OXT  ? ARG ? ? ? ? 25  O 
H    ? ARG ? ? ? ? 26  H 
H2   ? ARG ? ? ? ? 27  H 
HA   ? ARG ? ? ? ? 28  H 
HB2  ? ARG ? ? ? ? 29  H 
HB3  ? ARG ? ? ? ? 30  H 
HG2  ? ARG ? ? ? ? 31  H 
HG3  ? ARG ? ? ? ? 32  H 
HD2  ? ARG ? ? ? ? 33  H 
HD3  ? ARG ? ? ? ? 34  H 
HE   ? ARG ? ? ? ? 35  H 
HH11 ? ARG ? ? ? ? 36  H 
HH12 ? ARG ? ? ? ? 37  H 
HH21 ? ARG ? ? ? ? 38  H 
HH22 ? ARG ? ? ? ? 39  H 
HXT  ? ARG ? ? ? ? 40  H 
N    ? ASN ? ? ? ? 41  N 
CA   ? ASN ? ? ? ? 42  C 
C    ? ASN ? ? ? ? 43  C 
O    ? ASN ? ? ? ? 44  O 
CB   ? ASN ? ? ? ? 45  C 
CG   ? ASN ? ? ? ? 46  C 
OD1  ? ASN ? ? ? ? 47  O 
ND2  ? ASN ? ? ? ? 48  N 
OXT  ? ASN ? ? ? ? 49  O 
H    ? ASN ? ? ? ? 50  H 
H2   ? ASN ? ? ? ? 51  H 
HA   ? ASN ? ? ? ? 52  H 
HB2  ? ASN ? ? ? ? 53  H 
HB3  ? ASN ? ? ? ? 54  H 
HD21 ? ASN ? ? ? ? 55  H 
HD22 ? ASN ? ? ? ? 56  H 
HXT  ? ASN ? ? ? ? 57  H 
N    ? ASP ? ? ? ? 58  N 
CA   ? ASP ? ? ? ? 59  C 
C    ? ASP ? ? ? ? 60  C 
O    ? ASP ? ? ? ? 61  O 
CB   ? ASP ? ? ? ? 62  C 
CG   ? ASP ? ? ? ? 63  C 
OD1  ? ASP ? ? ? ? 64  O 
OD2  ? ASP ? ? ? ? 65  O 
OXT  ? ASP ? ? ? ? 66  O 
H    ? ASP ? ? ? ? 67  H 
H2   ? ASP ? ? ? ? 68  H 
HA   ? ASP ? ? ? ? 69  H 
HB2  ? ASP ? ? ? ? 70  H 
HB3  ? ASP ? ? ? ? 71  H 
HD2  ? ASP ? ? ? ? 72  H 
HXT  ? ASP ? ? ? ? 73  H 
N    ? CYS ? ? ? ? 74  N 
CA   ? CYS ? ? ? ? 75  C 
C    ? CYS ? ? ? ? 76  C 
O    ? CYS ? ? ? ? 77  O 
CB   ? CYS ? ? ? ? 78  C 
SG   ? CYS ? ? ? ? 79  S 
OXT  ? CYS ? ? ? ? 80  O 
H    ? CYS ? ? ? ? 81  H 
H2   ? CYS ? ? ? ? 82  H 
HA   ? CYS ? ? ? ? 83  H 
HB2  ? CYS ? ? ? ? 84  H 
HB3  ? CYS ? ? ? ? 85  H 
HG   ? CYS ? ? ? ? 86  H 
HXT  ? CYS ? ? ? ? 87  H 
N    ? GLN ? ? ? ? 88  N 
CA   ? GLN ? ? ? ? 89  C 
C    ? GLN ? ? ? ? 90  C 
O    ? GLN ? ? ? ? 91  O 
CB   ? GLN ? ? ? ? 92  C 
CG   ? GLN ? ? ? ? 93  C 
CD   ? GLN ? ? ? ? 94  C 
OE1  ? GLN ? ? ? ? 95  O 
NE2  ? GLN ? ? ? ? 96  N 
OXT  ? GLN ? ? ? ? 97  O 
H    ? GLN ? ? ? ? 98  H 
H2   ? GLN ? ? ? ? 99  H 
HA   ? GLN ? ? ? ? 100 H 
HB2  ? GLN ? ? ? ? 101 H 
HB3  ? GLN ? ? ? ? 102 H 
HG2  ? GLN ? ? ? ? 103 H 
HG3  ? GLN ? ? ? ? 104 H 
HE21 ? GLN ? ? ? ? 105 H 
HE22 ? GLN ? ? ? ? 106 H 
HXT  ? GLN ? ? ? ? 107 H 
N    ? GLU ? ? ? ? 108 N 
CA   ? GLU ? ? ? ? 109 C 
C    ? GLU ? ? ? ? 110 C 
O    ? GLU ? ? ? ? 111 O 
CB   ? GLU ? ? ? ? 112 C 
CG   ? GLU ? ? ? ? 113 C 
CD   ? GLU ? ? ? ? 114 C 
OE1  ? GLU ? ? ? ? 115 O 
OE2  ? GLU ? ? ? ? 116 O 
OXT  ? GLU ? ? ? ? 117 O 
H    ? GLU ? ? ? ? 118 H 
H2   ? GLU ? ? ? ? 119 H 
HA   ? GLU ? ? ? ? 120 H 
HB2  ? GLU ? ? ? ? 121 H 
HB3  ? GLU ? ? ? ? 122 H 
HG2  ? GLU ? ? ? ? 123 H 
HG3  ? GLU ? ? ? ? 124 H 
HE2  ? GLU ? ? ? ? 125 H 
HXT  ? GLU ? ? ? ? 126 H 
N    ? GLY ? ? ? ? 127 N 
CA   ? GLY ? ? ? ? 128 C 
C    ? GLY ? ? ? ? 129 C 
O    ? GLY ? ? ? ? 130 O 
OXT  ? GLY ? ? ? ? 131 O 
H    ? GLY ? ? ? ? 132 H 
H2   ? GLY ? ? ? ? 133 H 
HA2  ? GLY ? ? ? ? 134 H 
HA3  ? GLY ? ? ? ? 135 H 
HXT  ? GLY ? ? ? ? 136 H 
N    ? HIS ? ? ? ? 137 N 
CA   ? HIS ? ? ? ? 138 C 
C    ? HIS ? ? ? ? 139 C 
O    ? HIS ? ? ? ? 140 O 
CB   ? HIS ? ? ? ? 141 C 
CG   ? HIS ? ? ? ? 142 C 
ND1  ? HIS ? ? ? ? 143 N 
CD2  ? HIS ? ? ? ? 144 C 
CE1  ? HIS ? ? ? ? 145 C 
NE2  ? HIS ? ? ? ? 146 N 
OXT  ? HIS ? ? ? ? 147 O 
H    ? HIS ? ? ? ? 148 H 
H2   ? HIS ? ? ? ? 149 H 
HA   ? HIS ? ? ? ? 150 H 
HB2  ? HIS ? ? ? ? 151 H 
HB3  ? HIS ? ? ? ? 152 H 
HD1  ? HIS ? ? ? ? 153 H 
HD2  ? HIS ? ? ? ? 154 H 
HE1  ? HIS ? ? ? ? 155 H 
HE2  ? HIS ? ? ? ? 156 H 
HXT  ? HIS ? ? ? ? 157 H 
N    ? ILE ? ? ? ? 158 N 
CA   ? ILE ? ? ? ? 159 C 
C    ? ILE ? ? ? ? 160 C 
O    ? ILE ? ? ? ? 161 O 
CB   ? ILE ? ? ? ? 162 C 
CG1  ? ILE ? ? ? ? 163 C 
CG2  ? ILE ? ? ? ? 164 C 
CD1  ? ILE ? ? ? ? 165 C 
OXT  ? ILE ? ? ? ? 166 O 
H    ? ILE ? ? ? ? 167 H 
H2   ? ILE ? ? ? ? 168 H 
HA   ? ILE ? ? ? ? 169 H 
HB   ? ILE ? ? ? ? 170 H 
HG12 ? ILE ? ? ? ? 171 H 
HG13 ? ILE ? ? ? ? 172 H 
HG21 ? ILE ? ? ? ? 173 H 
HG22 ? ILE ? ? ? ? 174 H 
HG23 ? ILE ? ? ? ? 175 H 
HD11 ? ILE ? ? ? ? 176 H 
HD12 ? ILE ? ? ? ? 177 H 
HD13 ? ILE ? ? ? ? 178 H 
HXT  ? ILE ? ? ? ? 179 H 
N    ? LEU ? ? ? ? 180 N 
CA   ? LEU ? ? ? ? 181 C 
C    ? LEU ? ? ? ? 182 C 
O    ? LEU ? ? ? ? 183 O 
CB   ? LEU ? ? ? ? 184 C 
CG   ? LEU ? ? ? ? 185 C 
CD1  ? LEU ? ? ? ? 186 C 
CD2  ? LEU ? ? ? ? 187 C 
OXT  ? LEU ? ? ? ? 188 O 
H    ? LEU ? ? ? ? 189 H 
H2   ? LEU ? ? ? ? 190 H 
HA   ? LEU ? ? ? ? 191 H 
HB2  ? LEU ? ? ? ? 192 H 
HB3  ? LEU ? ? ? ? 193 H 
HG   ? LEU ? ? ? ? 194 H 
HD11 ? LEU ? ? ? ? 195 H 
HD12 ? LEU ? ? ? ? 196 H 
HD13 ? LEU ? ? ? ? 197 H 
HD21 ? LEU ? ? ? ? 198 H 
HD22 ? LEU ? ? ? ? 199 H 
HD23 ? LEU ? ? ? ? 200 H 
HXT  ? LEU ? ? ? ? 201 H 
N    ? LYS ? ? ? ? 202 N 
CA   ? LYS ? ? ? ? 203 C 
C    ? LYS ? ? ? ? 204 C 
O    ? LYS ? ? ? ? 205 O 
CB   ? LYS ? ? ? ? 206 C 
CG   ? LYS ? ? ? ? 207 C 
CD   ? LYS ? ? ? ? 208 C 
CE   ? LYS ? ? ? ? 209 C 
NZ   ? LYS ? ? ? ? 210 N 
OXT  ? LYS ? ? ? ? 211 O 
H    ? LYS ? ? ? ? 212 H 
H2   ? LYS ? ? ? ? 213 H 
HA   ? LYS ? ? ? ? 214 H 
HB2  ? LYS ? ? ? ? 215 H 
HB3  ? LYS ? ? ? ? 216 H 
HG2  ? LYS ? ? ? ? 217 H 
HG3  ? LYS ? ? ? ? 218 H 
HD2  ? LYS ? ? ? ? 219 H 
HD3  ? LYS ? ? ? ? 220 H 
HE2  ? LYS ? ? ? ? 221 H 
HE3  ? LYS ? ? ? ? 222 H 
HZ1  ? LYS ? ? ? ? 223 H 
HZ2  ? LYS ? ? ? ? 224 H 
HZ3  ? LYS ? ? ? ? 225 H 
HXT  ? LYS ? ? ? ? 226 H 
N    ? MET ? ? ? ? 227 N 
CA   ? MET ? ? ? ? 228 C 
C    ? MET ? ? ? ? 229 C 
O    ? MET ? ? ? ? 230 O 
CB   ? MET ? ? ? ? 231 C 
CG   ? MET ? ? ? ? 232 C 
SD   ? MET ? ? ? ? 233 S 
CE   ? MET ? ? ? ? 234 C 
OXT  ? MET ? ? ? ? 235 O 
H    ? MET ? ? ? ? 236 H 
H2   ? MET ? ? ? ? 237 H 
HA   ? MET ? ? ? ? 238 H 
HB2  ? MET ? ? ? ? 239 H 
HB3  ? MET ? ? ? ? 240 H 
HG2  ? MET ? ? ? ? 241 H 
HG3  ? MET ? ? ? ? 242 H 
HE1  ? MET ? ? ? ? 243 H 
HE2  ? MET ? ? ? ? 244 H 
HE3  ? MET ? ? ? ? 245 H 
HXT  ? MET ? ? ? ? 246 H 
N    ? PHE ? ? ? ? 247 N 
CA   ? PHE ? ? ? ? 248 C 
C    ? PHE ? ? ? ? 249 C 
O    ? PHE ? ? ? ? 250 O 
CB   ? PHE ? ? ? ? 251 C 
CG   ? PHE ? ? ? ? 252 C 
CD1  ? PHE ? ? ? ? 253 C 
CD2  ? PHE ? ? ? ? 254 C 
CE1  ? PHE ? ? ? ? 255 C 
CE2  ? PHE ? ? ? ? 256 C 
CZ   ? PHE ? ? ? ? 257 C 
OXT  ? PHE ? ? ? ? 258 O 
H    ? PHE ? ? ? ? 259 H 
H2   ? PHE ? ? ? ? 260 H 
HA   ? PHE ? ? ? ? 261 H 
HB2  ? PHE ? ? ? ? 262 H 
HB3  ? PHE ? ? ? ? 263 H 
HD1  ? PHE ? ? ? ? 264 H 
HD2  ? PHE ? ? ? ? 265 H 
HE1  ? PHE ? ? ? ? 266 H 
HE2  ? PHE ? ? ? ? 267 H 
HZ   ? PHE ? ? ? ? 268 H 
HXT  ? PHE ? ? ? ? 269 H 
N    ? PRO ? ? ? ? 270 N 
CA   ? PRO ? ? ? ? 271 C 
C    ? PRO ? ? ? ? 272 C 
O    ? PRO ? ? ? ? 273 O 
CB   ? PRO ? ? ? ? 274 C 
CG   ? PRO ? ? ? ? 275 C 
CD   ? PRO ? ? ? ? 276 C 
OXT  ? PRO ? ? ? ? 277 O 
H    ? PRO ? ? ? ? 278 H 
HA   ? PRO ? ? ? ? 279 H 
HB2  ? PRO ? ? ? ? 280 H 
HB3  ? PRO ? ? ? ? 281 H 
HG2  ? PRO ? ? ? ? 282 H 
HG3  ? PRO ? ? ? ? 283 H 
HD2  ? PRO ? ? ? ? 284 H 
HD3  ? PRO ? ? ? ? 285 H 
HXT  ? PRO ? ? ? ? 286 H 
N    ? SER ? ? ? ? 287 N 
CA   ? SER ? ? ? ? 288 C 
C    ? SER ? ? ? ? 289 C 
O    ? SER ? ? ? ? 290 O 
CB   ? SER ? ? ? ? 291 C 
OG   ? SER ? ? ? ? 292 O 
OXT  ? SER ? ? ? ? 293 O 
H    ? SER ? ? ? ? 294 H 
H2   ? SER ? ? ? ? 295 H 
HA   ? SER ? ? ? ? 296 H 
HB2  ? SER ? ? ? ? 297 H 
HB3  ? SER ? ? ? ? 298 H 
HG   ? SER ? ? ? ? 299 H 
HXT  ? SER ? ? ? ? 300 H 
N    ? THR ? ? ? ? 301 N 
CA   ? THR ? ? ? ? 302 C 
C    ? THR ? ? ? ? 303 C 
O    ? THR ? ? ? ? 304 O 
CB   ? THR ? ? ? ? 305 C 
OG1  ? THR ? ? ? ? 306 O 
CG2  ? THR ? ? ? ? 307 C 
OXT  ? THR ? ? ? ? 308 O 
H    ? THR ? ? ? ? 309 H 
H2   ? THR ? ? ? ? 310 H 
HA   ? THR ? ? ? ? 311 H 
HB   ? THR ? ? ? ? 312 H 
HG1  ? THR ? ? ? ? 313 H 
HG21 ? THR ? ? ? ? 314 H 
HG22 ? THR ? ? ? ? 315 H 
HG23 ? THR ? ? ? ? 316 H 
HXT  ? THR ? ? ? ? 317 H 
N    ? TRP ? ? ? ? 318 N 
CA   ? TRP ? ? ? ? 319 C 
C    ? TRP ? ? ? ? 320 C 
O    ? TRP ? ? ? ? 321 O 
CB   ? TRP ? ? ? ? 322 C 
CG   ? TRP ? ? ? ? 323 C 
CD1  ? TRP ? ? ? ? 324 C 
CD2  ? TRP ? ? ? ? 325 C 
NE1  ? TRP ? ? ? ? 326 N 
CE2  ? TRP ? ? ? ? 327 C 
CE3  ? TRP ? ? ? ? 328 C 
CZ2  ? TRP ? ? ? ? 329 C 
CZ3  ? TRP ? ? ? ? 330 C 
CH2  ? TRP ? ? ? ? 331 C 
OXT  ? TRP ? ? ? ? 332 O 
H    ? TRP ? ? ? ? 333 H 
H2   ? TRP ? ? ? ? 334 H 
HA   ? TRP ? ? ? ? 335 H 
HB2  ? TRP ? ? ? ? 336 H 
HB3  ? TRP ? ? ? ? 337 H 
HD1  ? TRP ? ? ? ? 338 H 
HE1  ? TRP ? ? ? ? 339 H 
HE3  ? TRP ? ? ? ? 340 H 
HZ2  ? TRP ? ? ? ? 341 H 
HZ3  ? TRP ? ? ? ? 342 H 
HH2  ? TRP ? ? ? ? 343 H 
HXT  ? TRP ? ? ? ? 344 H 
N    ? TYR ? ? ? ? 345 N 
CA   ? TYR ? ? ? ? 346 C 
C    ? TYR ? ? ? ? 347 C 
O    ? TYR ? ? ? ? 348 O 
CB   ? TYR ? ? ? ? 349 C 
CG   ? TYR ? ? ? ? 350 C 
CD1  ? TYR ? ? ? ? 351 C 
CD2  ? TYR ? ? ? ? 352 C 
CE1  ? TYR ? ? ? ? 353 C 
CE2  ? TYR ? ? ? ? 354 C 
CZ   ? TYR ? ? ? ? 355 C 
OH   ? TYR ? ? ? ? 356 O 
OXT  ? TYR ? ? ? ? 357 O 
H    ? TYR ? ? ? ? 358 H 
H2   ? TYR ? ? ? ? 359 H 
HA   ? TYR ? ? ? ? 360 H 
HB2  ? TYR ? ? ? ? 361 H 
HB3  ? TYR ? ? ? ? 362 H 
HD1  ? TYR ? ? ? ? 363 H 
HD2  ? TYR ? ? ? ? 364 H 
HE1  ? TYR ? ? ? ? 365 H 
HE2  ? TYR ? ? ? ? 366 H 
HH   ? TYR ? ? ? ? 367 H 
HXT  ? TYR ? ? ? ? 368 H 
N    ? VAL ? ? ? ? 369 N 
CA   ? VAL ? ? ? ? 370 C 
C    ? VAL ? ? ? ? 371 C 
O    ? VAL ? ? ? ? 372 O 
CB   ? VAL ? ? ? ? 373 C 
CG1  ? VAL ? ? ? ? 374 C 
CG2  ? VAL ? ? ? ? 375 C 
OXT  ? VAL ? ? ? ? 376 O 
H    ? VAL ? ? ? ? 377 H 
H2   ? VAL ? ? ? ? 378 H 
HA   ? VAL ? ? ? ? 379 H 
HB   ? VAL ? ? ? ? 380 H 
HG11 ? VAL ? ? ? ? 381 H 
HG12 ? VAL ? ? ? ? 382 H 
HG13 ? VAL ? ? ? ? 383 H 
HG21 ? VAL ? ? ? ? 384 H 
HG22 ? VAL ? ? ? ? 385 H 
HG23 ? VAL ? ? ? ? 386 H 
HXT  ? VAL ? ? ? ? 387 H 
#
loop_
_chem_comp_bond.atom_id_1
_chem_comp_bond.atom_id_2
_chem_comp_bond.comp_id
_chem_comp_bond.pdbx_aromatic_flag
_chem_comp_bond.pdbx_stereo_config
_chem_comp_bond.value_order
N   CA   ALA N N sing 
N   H    ALA N N sing 
N   H2   ALA N N sing 
CA  C    ALA N N sing 
CA  CB   ALA N N sing 
CA  HA   ALA N N sing 
C   O    ALA N N doub 
C   OXT  ALA N N sing 
CB  HB1  ALA N N sing 
CB  HB2  ALA N N sing 
CB  HB3  ALA N N sing 
OXT HXT  ALA N N sing 
N   CA   ARG N N sing 
N   H    ARG N N sing 
N   H2   ARG N N sing 
CA  C    ARG N N sing 
CA  CB   ARG N N sing 
CA  HA   ARG N N sing 
C   O    ARG N N doub 
C   OXT  ARG N N sing 
CB  CG   ARG N N sing 
CB  HB2  ARG N N sing 
CB  HB3  ARG N N sing 
CG  CD   ARG N N sing 
CG  HG2  ARG N N sing 
CG  HG3  ARG N N sing 
CD  NE   ARG N N sing 
CD  HD2  ARG N N sing 
CD  HD3  ARG N N sing 
NE  CZ   ARG N N sing 
NE  HE   ARG N N sing 
CZ  NH1  ARG N N sing 
CZ  NH2  ARG N N doub 
NH1 HH11 ARG N N sing 
NH1 HH12 ARG N N sing 
NH2 HH21 ARG N N sing 
NH2 HH22 ARG N N sing 
OXT HXT  ARG N N sing 
N   CA   ASN N N sing 
N   H    ASN N N sing 
N   H2   ASN N N sing 
CA  C    ASN N N sing 
CA  CB   ASN N N sing 
CA  HA   ASN N N sing 
C   O    ASN N N doub 
C   OXT  ASN N N sing 
CB  CG   ASN N N sing 
CB  HB2  ASN N N sing 
CB  HB3  ASN N N sing 
CG  OD1  ASN N N doub 
CG  ND2  ASN N N sing 
ND2 HD21 ASN N N sing 
ND2 HD22 ASN N N sing 
OXT HXT  ASN N N sing 
N   CA   ASP N N sing 
N   H    ASP N N sing 
N   H2   ASP N N sing 
CA  C    ASP N N sing 
CA  CB   ASP N N sing 
CA  HA   ASP N N sing 
C   O    ASP N N doub 
C   OXT  ASP N N sing 
CB  CG   ASP N N sing 
CB  HB2  ASP N N sing 
CB  HB3  ASP N N sing 
CG  OD1  ASP N N doub 
CG  OD2  ASP N N sing 
OD2 HD2  ASP N N sing 
OXT HXT  ASP N N sing 
N   CA   CYS N N sing 
N   H    CYS N N sing 
N   H2   CYS N N sing 
CA  C    CYS N N sing 
CA  CB   CYS N N sing 
CA  HA   CYS N N sing 
C   O    CYS N N doub 
C   OXT  CYS N N sing 
CB  SG   CYS N N sing 
CB  HB2  CYS N N sing 
CB  HB3  CYS N N sing 
SG  HG   CYS N N sing 
OXT HXT  CYS N N sing 
N   CA   GLN N N sing 
N   H    GLN N N sing 
N   H2   GLN N N sing 
CA  C    GLN N N sing 
CA  CB   GLN N N sing 
CA  HA   GLN N N sing 
C   O    GLN N N doub 
C   OXT  GLN N N sing 
CB  CG   GLN N N sing 
CB  HB2  GLN N N sing 
CB  HB3  GLN N N sing 
CG  CD   GLN N N sing 
CG  HG2  GLN N N sing 
CG  HG3  GLN N N sing 
CD  OE1  GLN N N doub 
CD  NE2  GLN N N sing 
NE2 HE21 GLN N N sing 
NE2 HE22 GLN N N sing 
OXT HXT  GLN N N sing 
N   CA   GLU N N sing 
N   H    GLU N N sing 
N   H2   GLU N N sing 
CA  C    GLU N N sing 
CA  CB   GLU N N sing 
CA  HA   GLU N N sing 
C   O    GLU N N doub 
C   OXT  GLU N N sing 
CB  CG   GLU N N sing 
CB  HB2  GLU N N sing 
CB  HB3  GLU N N sing 
CG  CD   GLU N N sing 
CG  HG2  GLU N N sing 
CG  HG3  GLU N N sing 
CD  OE1  GLU N N doub 
CD  OE2  GLU N N sing 
OE2 HE2  GLU N N sing 
OXT HXT  GLU N N sing 
N   CA   GLY N N sing 
N   H    GLY N N sing 
N   H2   GLY N N sing 
CA  C    GLY N N sing 
CA  HA2  GLY N N sing 
CA  HA3  GLY N N sing 
C   O    GLY N N doub 
C   OXT  GLY N N sing 
OXT HXT  GLY N N sing 
N   CA   HIS N N sing 
N   H    HIS N N sing 
N   H2   HIS N N sing 
CA  C    HIS N N sing 
CA  CB   HIS N N sing 
CA  HA   HIS N N sing 
C   O    HIS N N doub 
C   OXT  HIS N N sing 
CB  CG   HIS N N sing 
CB  HB2  HIS N N sing 
CB  HB3  HIS N N sing 
CG  ND1  HIS Y N sing 
CG  CD2  HIS Y N doub 
ND1 CE1  HIS Y N doub 
ND1 HD1  HIS N N sing 
CD2 NE2  HIS Y N sing 
CD2 HD2  HIS N N sing 
CE1 NE2  HIS Y N sing 
CE1 HE1  HIS N N sing 
NE2 HE2  HIS N N sing 
OXT HXT  HIS N N sing 
N   CA   ILE N N sing 
N   H    ILE N N sing 
N   H2   ILE N N sing 
CA  C    ILE N N sing 
CA  CB   ILE N N sing 
CA  HA   ILE N N sing 
C   O    ILE N N doub 
C   OXT  ILE N N sing 
CB  CG1  ILE N N sing 
CB  CG2  ILE N N sing 
CB  HB   ILE N N sing 
CG1 CD1  ILE N N sing 
CG1 HG12 ILE N N sing 
CG1 HG13 ILE N N sing 
CG2 HG21 ILE N N sing 
CG2 HG22 ILE N N sing 
CG2 HG23 ILE N N sing 
CD1 HD11 ILE N N sing 
CD1 HD12 ILE N N sing 
CD1 HD13 ILE N N sing 
OXT HXT  ILE N N sing 
N   CA   LEU N N sing 
N   H    LEU N N sing 
N   H2   LEU N N sing 
CA  C    LEU N N sing 
CA  CB   LEU N N sing 
CA  HA   LEU N N sing 
C   O    LEU N N doub 
C   OXT  LEU N N sing 
CB  CG   LEU N N sing 
CB  HB2  LEU N N sing 
CB  HB3  LEU N N sing 
CG  CD1  LEU N N sing 
CG  CD2  LEU N N sing 
CG  HG   LEU N N sing 
CD1 HD11 LEU N N sing 
CD1 HD12 LEU N N sing 
CD1 HD13 LEU N N sing 
CD2 HD21 LEU N N sing 
CD2 HD22 LEU N N sing 
CD2 HD23 LEU N N sing 
OXT HXT  LEU N N sing 
N   CA   LYS N N sing 
N   H    LYS N N sing 
N   H2   LYS N N sing 
CA  C    LYS N N sing 
CA  CB   LYS N N sing 
CA  HA   LYS N N sing 
C   O    LYS N N doub 
C   OXT  LYS N N sing 
CB  CG   LYS N N sing 
CB  HB2  LYS N N sing 
CB  HB3  LYS N N sing 
CG  CD   LYS N N sing 
CG  HG2  LYS N N sing 
CG  HG3  LYS N N sing 
CD  CE   LYS N N sing 
CD  HD2  LYS N N sing 
CD  HD3  LYS N N sing 
CE  NZ   LYS N N sing 
CE  HE2  LYS N N sing 
CE  HE3  LYS N N sing 
NZ  HZ1  LYS N N sing 
NZ  HZ2  LYS N N sing 
NZ  HZ3  LYS N N sing 
OXT HXT  LYS N N sing 
N   CA   MET N N sing 
N   H    MET N N sing 
N   H2   MET N N sing 
CA  C    MET N N sing 
CA  CB   MET N N sing 
CA  HA   MET N N sing 
C   O    MET N N doub 
C   OXT  MET N N sing 
CB  CG   MET N N sing 
CB  HB2  MET N N sing 
CB  HB3  MET N N sing 
CG  SD   MET N N sing 
CG  HG2  MET N N sing 
CG  HG3  MET N N sing 
SD  CE   MET N N sing 
CE  HE1  MET N N sing 
CE  HE2  MET N N sing 
CE  HE3  MET N N sing 
OXT HXT  MET N N sing 
N   CA   PHE N N sing 
N   H    PHE N N sing 
N   H2   PHE N N sing 
CA  C    PHE N N sing 
CA  CB   PHE N N sing 
CA  HA   PHE N N sing 
C   O    PHE N N doub 
C   OXT  PHE N N sing 
CB  CG   PHE N N sing 
CB  HB2  PHE N N sing 
CB  HB3  PHE N N sing 
CG  CD1  PHE Y N doub 
CG  CD2  PHE Y N sing 
CD1 CE1  PHE Y N sing 
CD1 HD1  PHE N N sing 
CD2 CE2  PHE Y N doub 
CD2 HD2  PHE N N sing 
CE1 CZ   PHE Y N doub 
CE1 HE1  PHE N N sing 
CE2 CZ   PHE Y N sing 
CE2 HE2  PHE N N sing 
CZ  HZ   PHE N N sing 
OXT HXT  PHE N N sing 
N   CA   PRO N N sing 
N   CD   PRO N N sing 
N   H    PRO N N sing 
CA  C    PRO N N sing 
CA  CB   PRO N N sing 
CA  HA   PRO N N sing 
C   O    PRO N N doub 
C   OXT  PRO N N sing 
CB  CG   PRO N N sing 
CB  HB2  PRO N N sing 
CB  HB3  PRO N N sing 
CG  CD   PRO N N sing 
CG  HG2  PRO N N sing 
CG  HG3  PRO N N sing 
CD  HD2  PRO N N sing 
CD  HD3  PRO N N sing 
OXT HXT  PRO N N sing 
N   CA   SER N N sing 
N   H    SER N N sing 
N   H2   SER N N sing 
CA  C    SER N N sing 
CA  CB   SER N N sing 
CA  HA   SER N N sing 
C   O    SER N N doub 
C   OXT  SER N N sing 
CB  OG   SER N N sing 
CB  HB2  SER N N sing 
CB  HB3  SER N N sing 
OG  HG   SER N N sing 
OXT HXT  SER N N sing 
N   CA   THR N N sing 
N   H    THR N N sing 
N   H2   THR N N sing 
CA  C    THR N N sing 
CA  CB   THR N N sing 
CA  HA   THR N N sing 
C   O    THR N N doub 
C   OXT  THR N N sing 
CB  OG1  THR N N sing 
CB  CG2  THR N N sing 
CB  HB   THR N N sing 
OG1 HG1  THR N N sing 
CG2 HG21 THR N N sing 
CG2 HG22 THR N N sing 
CG2 HG23 THR N N sing 
OXT HXT  THR N N sing 
N   CA   TRP N N sing 
N   H    TRP N N sing 
N   H2   TRP N N sing 
CA  C    TRP N N sing 
CA  CB   TRP N N sing 
CA  HA   TRP N N sing 
C   O    TRP N N doub 
C   OXT  TRP N N sing 
CB  CG   TRP N N sing 
CB  HB2  TRP N N sing 
CB  HB3  TRP N N sing 
CG  CD1  TRP Y N doub 
CG  CD2  TRP Y N sing 
CD1 NE1  TRP Y N sing 
CD1 HD1  TRP N N sing 
CD2 CE2  TRP Y N doub 
CD2 CE3  TRP Y N sing 
NE1 CE2  TRP Y N sing 
NE1 HE1  TRP N N sing 
CE2 CZ2  TRP Y N sing 
CE3 CZ3  TRP Y N doub 
CE3 HE3  TRP N N sing 
CZ2 CH2  TRP Y N doub 
CZ2 HZ2  TRP N N sing 
CZ3 CH2  TRP Y N sing 
CZ3 HZ3  TRP N N sing 
CH2 HH2  TRP N N sing 
OXT HXT  TRP N N sing 
N   CA   TYR N N sing 
N   H    TYR N N sing 
N   H2   TYR N N sing 
CA  C    TYR N N sing 
CA  CB   TYR N N sing 
CA  HA   TYR N N sing 
C   O    TYR N N doub 
C   OXT  TYR N N sing 
CB  CG   TYR N N sing 
CB  HB2  TYR N N sing 
CB  HB3  TYR N N sing 
CG  CD1  TYR Y N doub 
CG  CD2  TYR Y N sing 
CD1 CE1  TYR Y N sing 
CD1 HD1  TYR N N sing 
CD2 CE2  TYR Y N doub 
CD2 HD2  TYR N N sing 
CE1 CZ   TYR Y N doub 
CE1 HE1  TYR N N sing 
CE2 CZ   TYR Y N sing 
CE2 HE2  TYR N N sing 
CZ  OH   TYR N N sing 
OH  HH   TYR N N sing 
OXT HXT  TYR N N sing 
N   CA   VAL N N sing 
N   H    VAL N N sing 
N   H2   VAL N N sing 
CA  C    VAL N N sing 
CA  CB   VAL N N sing 
CA  HA   VAL N N sing 
C   O    VAL N N doub 
C   OXT  VAL N N sing 
CB  CG1  VAL N N sing 
CB  CG2  VAL N N sing 
CB  HB   VAL N N sing 
CG1 HG11 VAL N N sing 
CG1 HG12 VAL N N sing 
CG1 HG13 VAL N N sing 
CG2 HG21 VAL N N sing 
CG2 HG22 VAL N N sing 
CG2 HG23 VAL N N sing 
OXT HXT  VAL N N sing 
#
_entity.id               2
_entity.pdbx_description "DENGUE VIRUS 1 PRM PROTEIN"
_entity.type             polymer
#
_entity_poly.entity_id      2
_entity_poly.pdbx_strand_id D
_entity_poly.type           polypeptide(L)
#
loop_
_entity_poly_seq.entity_id
_entity_poly_seq.hetero
_entity_poly_seq.mon_id
_entity_poly_seq.num
2 n PHE 1   
2 n HIS 2   
2 n LEU 3   
2 n THR 4   
2 n THR 5   
2 n ARG 6   
2 n GLY 7   
2 n GLY 8   
2 n GLU 9   
2 n PRO 10  
2 n HIS 11  
2 n MET 12  
2 n ILE 13  
2 n VAL 14  
2 n SER 15  
2 n LYS 16  
2 n GLN 17  
2 n GLU 18  
2 n ARG 19  
2 n GLY 20  
2 n LYS 21  
2 n SER 22  
2 n LEU 23  
2 n LEU 24  
2 n PHE 25  
2 n LYS 26  
2 n THR 27  
2 n SER 28  
2 n ALA 29  
2 n GLY 30  
2 n VAL 31  
2 n ASN 32  
2 n MET 33  
2 n CYS 34  
2 n THR 35  
2 n LEU 36  
2 n ILE 37  
2 n ALA 38  
2 n MET 39  
2 n ASP 40  
2 n LEU 41  
2 n GLY 42  
2 n GLU 43  
2 n LEU 44  
2 n CYS 45  
2 n GLU 46  
2 n ASP 47  
2 n THR 48  
2 n MET 49  
2 n THR 50  
2 n TYR 51  
2 n LYS 52  
2 n CYS 53  
2 n PRO 54  
2 n ARG 55  
2 n ILE 56  
2 n THR 57  
2 n GLU 58  
2 n THR 59  
2 n GLU 60  
2 n PRO 61  
2 n ASP 62  
2 n ASP 63  
2 n VAL 64  
2 n ASP 65  
2 n CYS 66  
2 n TRP 67  
2 n CYS 68  
2 n ASN 69  
2 n ALA 70  
2 n THR 71  
2 n GLU 72  
2 n THR 73  
2 n TRP 74  
2 n VAL 75  
2 n THR 76  
2 n TYR 77  
2 n GLY 78  
2 n THR 79  
2 n CYS 80  
2 n SER 81  
2 n GLN 82  
2 n THR 83  
2 n GLY 84  
2 n GLU 85  
2 n HIS 86  
2 n ARG 87  
2 n ARG 88  
2 n ASP 89  
2 n LYS 90  
2 n ARG 91  
2 n SER 92  
2 n VAL 93  
2 n ALA 94  
2 n LEU 95  
2 n ALA 96  
2 n PRO 97  
2 n HIS 98  
2 n VAL 99  
2 n GLY 100 
2 n LEU 101 
2 n GLY 102 
2 n LEU 103 
2 n GLU 104 
2 n THR 105 
2 n ARG 106 
2 n THR 107 
2 n GLU 108 
2 n THR 109 
2 n TRP 110 
2 n MET 111 
2 n SER 112 
2 n SER 113 
2 n GLU 114 
2 n GLY 115 
2 n ALA 116 
2 n TRP 117 
2 n LYS 118 
2 n GLN 119 
2 n ILE 120 
2 n GLN 121 
2 n LYS 122 
2 n VAL 123 
2 n GLU 124 
2 n THR 125 
2 n TRP 126 
2 n ALA 127 
2 n LEU 128 
2 n GLY 129 
2 n HIS 130 
2 n PRO 131 
2 n GLY 132 
2 n PHE 133 
2 n THR 134 
2 n VAL 135 
2 n ILE 136 
2 n ALA 137 
2 n LEU 138 
2 n PHE 139 
2 n LEU 140 
2 n ALA 141 
2 n HIS 142 
2 n ALA 143 
2 n ILE 144 
2 n GLY 145 
2 n THR 146 
2 n SER 147 
2 n ILE 148 
2 n THR 149 
2 n GLN 150 
2 n LYS 151 
2 n GLY 152 
2 n ILE 153 
2 n ILE 154 
2 n PHE 155 
2 n ILE 156 
2 n LEU 157 
2 n LEU 158 
2 n MET 159 
2 n LEU 160 
2 n VAL 161 
2 n THR 162 
2 n PRO 163 
2 n SER 164 
2 n MET 165 
2 n ALA 166 
#
_exptl.method "ELECTRON MICROSCOPY"
#
_pdbx_audit_revision_history.revision_date 2013-06-05
#
_pdbx_database_status.recvd_initial_deposition_date 2013-06-05
#
loop_
_pdbx_poly_seq_scheme.asym_id
_pdbx_poly_seq_scheme.auth_seq_num
_pdbx_poly_seq_scheme.entity_id
_pdbx_poly_seq_scheme.hetero
_pdbx_poly_seq_scheme.mon_id
_pdbx_poly_seq_scheme.pdb_ins_code
_pdbx_poly_seq_scheme.pdb_seq_num
_pdbx_poly_seq_scheme.pdb_strand_id
_pdbx_poly_seq_scheme.seq_id
D 1   2 n PHE . 1   D 1   
D 2   2 n HIS . 2   D 2   
D 3   2 n LEU . 3   D 3   
D 4   2 n THR . 4   D 4   
D 5   2 n THR . 5   D 5   
D 6   2 n ARG . 6   D 6   
D 7   2 n GLY . 7   D 7   
D 8   2 n GLY . 8   D 8   
D 9   2 n GLU . 9   D 9   
D 10  2 n PRO . 10  D 10  
D 11  2 n HIS . 11  D 11  
D 12  2 n MET . 12  D 12  
D 13  2 n ILE . 13  D 13  
D 14  2 n VAL . 14  D 14  
D 15  2 n SER . 15  D 15  
D 16  2 n LYS . 16  D 16  
D 17  2 n GLN . 17  D 17  
D 18  2 n GLU . 18  D 18  
D 19  2 n ARG . 19  D 19  
D 20  2 n GLY . 20  D 20  
D 21  2 n LYS . 21  D 21  
D 22  2 n SER . 22  D 22  
D 23  2 n LEU . 23  D 23  
D 24  2 n LEU . 24  D 24  
D 25  2 n PHE . 25  D 25  
D 26  2 n LYS . 26  D 26  
D 27  2 n THR . 27  D 27  
D 28  2 n SER . 28  D 28  
D 29  2 n ALA . 29  D 29  
D 30  2 n GLY . 30  D 30  
D 31  2 n VAL . 31  D 31  
D 32  2 n ASN . 32  D 32  
D 33  2 n MET . 33  D 33  
D 34  2 n CYS . 34  D 34  
D 35  2 n THR . 35  D 35  
D 36  2 n LEU . 36  D 36  
D 37  2 n ILE . 37  D 37  
D 38  2 n ALA . 38  D 38  
D 39  2 n MET . 39  D 39  
D 40  2 n ASP . 40  D 40  
D 41  2 n LEU . 41  D 41  
D 42  2 n GLY . 42  D 42  
D 43  2 n GLU . 43  D 43  
D 44  2 n LEU . 44  D 44  
D 45  2 n CYS . 45  D 45  
D 46  2 n GLU . 46  D 46  
D 47  2 n ASP . 47  D 47  
D 48  2 n THR . 48  D 48  
D 49  2 n MET . 49  D 49  
D 50  2 n THR . 50  D 50  
D 51  2 n TYR . 51  D 51  
D 52  2 n LYS . 52  D 52  
D 53  2 n CYS . 53  D 53  
D 54  2 n PRO . 54  D 54  
D 55  2 n ARG . 55  D 55  
D 56  2 n ILE . 56  D 56  
D 57  2 n THR . 57  D 57  
D 58  2 n GLU . 58  D 58  
D 59  2 n THR . 59  D 59  
D 60  2 n GLU . 60  D 60  
D 61  2 n PRO . 61  D 61  
D 62  2 n ASP . 62  D 62  
D 63  2 n ASP . 63  D 63  
D 64  2 n VAL . 64  D 64  
D 65  2 n ASP . 65  D 65  
D 66  2 n CYS . 66  D 66  
D 67  2 n TRP . 67  D 67  
D 68  2 n CYS . 68  D 68  
D 69  2 n ASN . 69  D 69  
D 70  2 n ALA . 70  D 70  
D 71  2 n THR . 71  D 71  
D 72  2 n GLU . 72  D 72  
D 73  2 n THR . 73  D 73  
D 74  2 n TRP . 74  D 74  
D 75  2 n VAL . 75  D 75  
D 76  2 n THR . 76  D 76  
D 77  2 n TYR . 77  D 77  
D 78  2 n GLY . 78  D 78  
D 79  2 n THR . 79  D 79  
D 80  2 n CYS . 80  D 80  
D 81  2 n SER . 81  D 81  
D 82  2 n GLN . 82  D 82  
D 83  2 n THR . 83  D 83  
D 84  2 n GLY . 84  D 84  
D 85  2 n GLU . 85  D 85  
D 86  2 n HIS . 86  D 86  
D 87  2 n ARG . 87  D 87  
D 88  2 n ARG . 88  D 88  
D 89  2 n ASP . 89  D 89  
D 90  2 n LYS . 90  D 90  
D 91  2 n ARG . 91  D 91  
D 92  2 n SER . 92  D 92  
D 93  2 n VAL . 93  D 93  
D 94  2 n ALA . 94  D 94  
D 95  2 n LEU . 95  D 95  
D 96  2 n ALA . 96  D 96  
D 97  2 n PRO . 97  D 97  
D 98  2 n HIS . 98  D 98  
D 99  2 n VAL . 99  D 99  
D 100 2 n GLY . 100 D 100 
D 101 2 n LEU . 101 D 101 
D 102 2 n GLY . 102 D 102 
D 103 2 n LEU . 103 D 103 
D 104 2 n GLU . 104 D 104 
D 105 2 n THR . 105 D 105 
D 106 2 n ARG . 106 D 106 
D 107 2 n THR . 107 D 107 
D 108 2 n GLU . 108 D 108 
D 109 2 n THR . 109 D 109 
D 110 2 n TRP . 110 D 110 
D 111 2 n MET . 111 D 111 
D 112 2 n SER . 112 D 112 
D 113 2 n SER . 113 D 113 
D 114 2 n GLU . 114 D 114 
D 115 2 n GLY . 115 D 115 
D 116 2 n ALA . 116 D 116 
D 117 2 n TRP . 117 D 117 
D 118 2 n LYS . 118 D 118 
D 119 2 n GLN . 119 D 119 
D 120 2 n ILE . 120 D 120 
D 121 2 n GLN . 121 D 121 
D 122 2 n LYS . 122 D 122 
D 123 2 n VAL . 123 D 123 
D 124 2 n GLU . 124 D 124 
D 125 2 n THR . 125 D 125 
D 126 2 n TRP . 126 D 126 
D 127 2 n ALA . 127 D 127 
D 128 2 n LEU . 128 D 128 
D 129 2 n GLY . 129 D 129 
D 130 2 n HIS . 130 D 130 
D 131 2 n PRO . 131 D 131 
D 132 2 n GLY . 132 D 132 
D 133 2 n PHE . 133 D 133 
D 134 2 n THR . 134 D 134 
D 135 2 n VAL . 135 D 135 
D 136 2 n ILE . 136 D 136 
D 137 2 n ALA . 137 D 137 
D 138 2 n LEU . 138 D 138 
D 139 2 n PHE . 139 D 139 
D 140 2 n LEU . 140 D 140 
D 141 2 n ALA . 141 D 141 
D 142 2 n HIS . 142 D 142 
D 143 2 n ALA . 143 D 143 
D 144 2 n ILE . 144 D 144 
D 145 2 n GLY . 145 D 145 
D 146 2 n THR . 146 D 146 
D 147 2 n SER . 147 D 147 
D 148 2 n ILE . 148 D 148 
D 149 2 n THR . 149 D 149 
D 150 2 n GLN . 150 D 150 
D 151 2 n LYS . 151 D 151 
D 152 2 n GLY . 152 D 152 
D 153 2 n ILE . 153 D 153 
D 154 2 n ILE . 154 D 154 
D 155 2 n PHE . 155 D 155 
D 156 2 n ILE . 156 D 156 
D 157 2 n LEU . 157 D 157 
D 158 2 n LEU . 158 D 158 
D 159 2 n MET . 159 D 159 
D 160 2 n LEU . 160 D 160 
D 161 2 n VAL . 161 D 161 
D 162 2 n THR . 162 D 162 
D 163 2 n PRO . 163 D 163 
D 164 2 n SER . 164 D 164 
D 165 2 n MET . 165 D 165 
D 166 2 n ALA . 166 D 166 
#
loop_
_pdbx_struct_assembly.details
_pdbx_struct_assembly.id
_pdbx_struct_assembly.method_details
_pdbx_struct_assembly.oligomeric_count
_pdbx_struct_assembly.oligomeric_details
"complete icosahedral assembly"                1 ? 360 360-MERIC 
"icosahedral asymmetric unit"                  2 ? 6   hexameric 
"icosahedral pentamer"                         3 ? 30  30-meric  
"icosahedral 23 hexamer"                       4 ? 36  36-meric  
"icosahedral asymmetric unit, std point frame" 5 ? 6   hexameric 
#
loop_
_pdbx_struct_assembly_gen.assembly_id
_pdbx_struct_assembly_gen.asym_id_list
_pdbx_struct_assembly_gen.oper_expression
1 A,B,C,D,E,F (1-60)           
2 A,B,C,D,E,F 1                
3 A,B,C,D,E,F (1-5)            
4 A,B,C,D,E,F (1,2,6,10,23,24) 
5 A,B,C,D,E,F P                
#
loop_
_pdbx_struct_oper_list.id
_pdbx_struct_oper_list.matrix[1][1]
_pdbx_struct_oper_list.matrix[1][2]
_pdbx_struct_oper_list.matrix[1][3]
_pdbx_struct_oper_list.matrix[2][1]
_pdbx_struct_oper_list.matrix[2][2]
_pdbx_struct_oper_list.matrix[2][3]
_pdbx_struct_oper_list.matrix[3][1]
_pdbx_struct_oper_list.matrix[3][2]
_pdbx_struct_oper_list.matrix[3][3]
_pdbx_struct_oper_list.name
_pdbx_struct_oper_list.symmetry_operation
_pdbx_struct_oper_list.type
_pdbx_struct_oper_list.vector[1]
_pdbx_struct_oper_list.vector[2]
_pdbx_struct_oper_list.vector[3]
P  0.95206996  -0.30587964 0.00066530  0.26074312  0.81043864  -0.52459721 0.15992442  0.49962671  0.85135030  ?     ?     "transform to point frame" 1.09127  1.42033   6.76422   
1  1.00000000  0.00000000  0.00000000  0.00000000  1.00000000  0.00000000  0.00000000  0.00000000  1.00000000  1_555 x,y,z "identity operation"       0.00000  0.00000   0.00000   
2  0.36056078  -0.26584086 0.89404953  0.58707565  0.80952246  0.00394575  -0.72480212 0.52345202  0.44795074  ?     ?     "point symmetry operation" 1.77448  0.68282   -2.37683  
3  -0.67407361 0.15693609  0.72180041  0.68406749  0.50132333  0.52983639  -0.27870493 0.85090891  -0.44528371 ?     ?     "point symmetry operation" 0.10776  2.26796   -4.37026  
4  -0.67407361 0.68406749  -0.27870493 0.15693609  0.50132333  0.85090892  0.72180040  0.52983638  -0.44528371 ?     ?     "point symmetry operation" -2.69681 2.56481   -3.22544  
5  0.36056078  0.58707564  -0.72480212 -0.26584086 0.80952246  0.52345202  0.89404953  0.00394575  0.44795075  ?     ?     "point symmetry operation" -2.76341 1.16313   -0.52447  
6  -0.94884836 0.15980502  0.27230341  0.15980503  -0.50074630 0.85071471  0.27230340  0.85071469  0.44959465  ?     ?     "point symmetry operation" -2.81861 -1.63459  1.48875   
7  -0.44566596 0.52414619  -0.72570837 -0.85295635 -0.00253975 0.52197607  0.27174865  0.85162451  0.44820570  ?     ?     "point symmetry operation" -5.04043 -3.71494  1.48422   
8  0.67301876  0.16291083  -0.72146089 -0.68736300 0.49792410  -0.52877568 0.27308947  0.85178145  0.44709113  ?     ?     "point symmetry operation" -3.74847 -6.47089  1.48263   
9  0.86122153  -0.42468607 0.27917597  0.42774070  0.30902122  -0.84943734 0.27447290  0.85096863  0.44779124  ?     ?     "point symmetry operation" -0.72818 -6.09379  1.48618   
10 -0.14114747 -0.42660556 0.89335608  0.95131933  -0.30819103 0.00313461  0.27398709  0.85030934  0.44933850  ?     ?     "point symmetry operation" -0.15349 -3.10480  1.48996   
11 -0.86402605 0.42263261  -0.27357023 0.42263260  0.31362159  -0.85030771 -0.27357022 -0.85030769 -0.44959554 ?     ?     "point symmetry operation" -4.24146 -6.09158  -11.51889 
12 0.13486768  0.42862313  -0.89336047 0.95280916  -0.30356458 -0.00180402 -0.27196583 -0.85095872 -0.44933709 ?     ?     "point symmetry operation" -4.83584 -3.10643  -11.51633 
13 0.94777176  -0.15650463 -0.27791186 0.16663780  -0.49998227 0.84985269  -0.27195688 -0.85177698 -0.44778948 ?     ?     "point symmetry operation" -2.18048 -1.61868  -11.51198 
14 0.45128037  -0.52412400 0.72224654  -0.84941938 -0.00418891 0.52770178  -0.27355574 -0.85163165 -0.44709146 ?     ?     "point symmetry operation" 0.05501  -3.68434  -11.51186 
15 -0.66847226 -0.16619750 0.72492981  -0.69120590 0.49864593  -0.52305512 -0.27455284 -0.85072358 -0.44820766 ?     ?     "point symmetry operation" -1.21874 -6.44874  -11.51613 
16 0.81287441  -0.58243763 0.00126682  -0.58243763 -0.81287529 -0.00040700 0.00126682  -0.00040700 -0.99999911 ?     ?     "point symmetry operation" -2.90421 -9.06135  -10.02724 
17 -0.04976251 -0.68692845 0.72501930  -0.68692846 -0.50341813 -0.52411781 0.72501930  -0.52411781 -0.44681935 ?     ?     "point symmetry operation" -1.86249 -10.64896 -7.64844  
18 -0.94671690 -0.16334229 0.27757234  -0.16334229 -0.49926516 -0.85091340 0.27757234  -0.85091338 0.44598206  ?     ?     "point symmetry operation" -4.14309 -10.96590 -5.65776  
19 -0.63842828 0.26474259  -0.72271758 0.26474259  -0.80615564 -0.52917337 -0.72271757 -0.52917336 0.44458392  ?     ?     "point symmetry operation" -6.59430 -9.57418  -6.80626  
20 0.44905895  0.00572742  -0.89348377 0.00572743  -0.99997736 -0.00353151 -0.89348377 -0.00353150 -0.44908159 ?     ?     "point symmetry operation" -5.82863 -8.39710  -9.50675  
21 0.44220412  0.52553250  0.72682261  0.85295089  0.00419448  -0.52197432 -0.27736311 0.85076318  -0.44639860 ?     ?     "point symmetry operation" 4.46063  -4.67187  -4.37312  
22 -0.05883377 0.68833120  0.72300674  0.68833121  -0.49658219 0.52877811  0.72300673  0.52877810  -0.44458404 ?     ?     "point symmetry operation" 3.87662  -1.91482  -3.22337  
23 -0.14114748 0.95131932  0.27398709  -0.42660557 -0.30819102 0.85030935  0.89335608  0.00313460  0.44933851  ?     ?     "point symmetry operation" 2.52376  -2.28928  -0.52264  
24 0.30901774  0.95105622  0.00029355  -0.95105470 0.30901778  -0.00172584 -0.00173209 0.00025413  0.99999847  ?     ?     "point symmetry operation" 2.27165  -5.27777  -0.00326  
25 0.66954886  0.68790549  0.28016129  -0.16024532 0.50208264  -0.84984379 -0.72527634 0.52411740  0.44640249  ?     ?     "point symmetry operation" 3.46870  -6.75029  -2.38299  
26 -0.13768565 0.42582666  0.89426747  -0.95078614 -0.30984575 0.00115288  0.27757591  -0.85009838 0.44753140  ?     ?     "point symmetry operation" 3.43725  -7.85996  -5.64657  
27 -0.44781854 0.84942484  0.27917019  -0.52555470 0.00253419  -0.85075605 -0.72336078 -0.52770353 0.44528435  ?     ?     "point symmetry operation" 1.35817  -9.76142  -6.79819  
28 0.13486768  0.95280915  -0.27196584 0.42862313  -0.30356458 -0.85095874 -0.89336046 -0.00180401 -0.44933709 ?     ?     "point symmetry operation" 0.47999  -8.67017  -9.50047  
29 0.80512046  0.59310600  0.00251064  0.59310602  -0.80512395 0.00082492  0.00251064  0.00082492  -0.99999651 ?     ?     "point symmetry operation" 2.01632  -6.09428  -10.01896 
30 0.63667324  0.26741291  0.72328247  -0.25941580 -0.80900593 0.52745886  0.72618911  -0.52344983 -0.44570129 ?     ?     "point symmetry operation" 3.84401  -5.59354  -7.63711  
31 -0.35880574 -0.26631464 -0.89461442 -0.59240244 0.80563911  -0.00223125 0.72133057  0.52917117  -0.44683338 ?     ?     "point symmetry operation" -8.98848 -2.30261  -3.23717  
32 0.36270031  -0.58849018 -0.72258411 0.26099123  0.80849978  -0.52745776 0.89461280  0.00272097  0.44683390  ?     ?     "point symmetry operation" -7.68067 -2.79841  -0.53380  
33 0.30901775  -0.95105469 -0.00173209 0.95105623  0.30901777  0.00025413  0.00029355  -0.00172584 0.99999847  ?     ?     "point symmetry operation" -5.72143 -0.52955  -0.00652  
34 -0.44566595 -0.85295634 0.27174866  0.52414619  -0.00253975 0.85162453  -0.72570836 0.52197607  0.44820570  ?     ?     "point symmetry operation" -5.81837 1.36849   -2.38401  
35 -0.85840356 -0.42976372 -0.28008297 -0.42976372 0.30438911  0.85008848  -0.28008298 0.85008847  -0.44598555 ?     ?     "point symmetry operation" -7.83751 0.27267   -4.38066  
36 0.05428727  -0.68504452 -0.72647566 0.69023768  -0.49998784 0.52305269  -0.72154337 -0.52983597 0.44570057  ?     ?     "point symmetry operation" -8.87369 -1.95307  -6.80052  
37 0.14395200  -0.94926586 -0.27959283 -0.42376774 -0.31445178 0.84943569  -0.89425876 -0.00379554 -0.44753421 ?     ?     "point symmetry operation" -7.51840 -2.31287  -9.50203  
38 -0.30273795 -0.95307378 -0.00028916 -0.95307380 0.30273783  0.00039525  -0.00028917 0.00039526  -0.99999988 ?     ?     "point symmetry operation" -7.24660 -5.29852  -10.02775 
39 -0.66847225 -0.69120588 -0.27455285 -0.16619751 0.49864593  -0.85072360 0.72492981  -0.52305512 -0.44820766 ?     ?     "point symmetry operation" -8.43389 -6.78395  -7.65116  
40 -0.44781854 -0.52555469 -0.72336079 0.84942484  0.00253418  -0.52770354 0.27917020  -0.85075604 0.44528436  ?     ?     "point symmetry operation" -9.43949 -4.71635  -5.65662  
41 0.44220412  0.85295088  -0.27736311 0.52553251  0.00419448  0.85076319  0.72682261  -0.52197431 -0.44639860 ?     ?     "point symmetry operation" 0.79943  1.39588   -7.63284  
42 0.86122152  0.42774070  0.27447291  -0.42468607 0.30902122  0.85096865  0.27917597  -0.84943733 0.44779125  ?     ?     "point symmetry operation" 2.82577  0.30917   -5.63850  
43 0.36270031  0.26099123  0.89461280  -0.58849019 0.80849979  0.00272098  -0.72258410 -0.52745774 0.44683390  ?     ?     "point symmetry operation" 3.99369  -2.25603  -6.78745  
44 -0.36442015 0.58314458  0.72604432  0.26049188  0.81236778  -0.52173037 -0.89405924 -0.00100040 -0.44794762 ?     ?     "point symmetry operation" 2.68916  -2.75470  -9.49187  
45 -0.31528409 0.94899577  0.00172337  0.94899577  0.31527976  0.00238854  0.00172337  0.00238854  -0.99999566 ?     ?     "point symmetry operation" 0.71500  -0.49769  -10.01435 
46 -0.35880573 -0.59240243 0.72133058  -0.26631465 0.80563911  0.52917118  -0.89461442 -0.00223124 -0.44683338 ?     ?     "point symmetry operation" -2.25412 1.17433   -9.49283  
47 -0.99997825 -0.00659589 -0.00000700 -0.00659590 0.99997599  0.00212299  -0.00000700 0.00212300  -0.99999775 ?     ?     "point symmetry operation" -5.00980 -0.00589  -10.01979 
48 -0.36442015 0.26049189  -0.89405924 0.58314458  0.81236777  -0.00100041 0.72604432  -0.52173037 -0.44794762 ?     ?     "point symmetry operation" -6.78874 0.66017   -7.64152  
49 0.66954886  -0.16024531 -0.72527634 0.68790550  0.50208263  0.52411741  0.28016130  -0.84984378 0.44640249  ?     ?     "point symmetry operation" -5.13249 2.25203   -5.64472  
50 0.67301876  -0.68736299 0.27308948  0.16291083  0.49792409  0.85178147  -0.72146088 -0.52877566 0.44709113  ?     ?     "point symmetry operation" -2.32995 2.56980   -6.78889  
51 0.05428726  0.69023767  -0.72154338 -0.68504453 -0.49998783 -0.52983598 -0.72647566 0.52305268  0.44570057  ?     ?     "point symmetry operation" -3.07706 -10.65854 -2.39396  
52 0.94777175  0.16663779  -0.27195688 -0.15650463 -0.49998227 -0.85177699 -0.27791186 0.84985267  -0.44778949 ?     ?     "point symmetry operation" -0.79443 -10.95621 -4.38529  
53 0.63667324  -0.25941581 0.72618911  0.26741292  -0.80900594 -0.52344984 0.72328246  0.52745884  -0.44570129 ?     ?     "point symmetry operation" 1.64755  -9.55079  -3.23382  
54 -0.44908071 0.00086847  0.89349078  0.00086848  -0.99999863 0.00140851  0.89349077  0.00140851  0.44907934  ?     ?     "point symmetry operation" 0.87415  -8.38452  -0.53085  
55 -0.80901504 0.58778660  -0.00125711 -0.58778260 -0.80901494 -0.00253834 -0.00250902 -0.00131465 0.99999599  ?     ?     "point symmetry operation" -2.04582 -9.06915  -0.01179  
56 -0.13768565 -0.95078613 0.27757590  0.42582667  -0.30984576 -0.85009839 0.89426747  0.00115287  0.44753140  ?     ?     "point symmetry operation" -5.43253 -8.69919  -0.53775  
57 -0.80901503 -0.58778259 -0.00250902 0.58778661  -0.80901495 -0.00131465 -0.00125711 -0.00253834 0.99999599  ?     ?     "point symmetry operation" -6.98582 -6.13459  -0.01380  
